Data/EPIC 211315836/EPIC 211315836-c18_pars.txt : Parameter values
        p_ref=1.3825580851770356
        t0_ref=3418.876139576654
        ttvs=[0.07859948913514497, -0.004340554478745344, 0.13323552697266672, 0.07867138114058225, 0.06510200441889785, 0.04119310944473044, 0.07871511736806866, 0.08556818355820045, -0.03022356118387545, 0.07964653250367207, 0.026107197850151295, 0.07193780163594744, 0.07926736173882368, 0.04466867371248779, -0.009760708608638095, 0.0779840738352448, 0.12553046190172676, 0.010611178536597153, 0.07759079778048569, 0.003864525771454983, 0.03114629755413641, 0.07863244381576853, 0.0643793228995437, 0.03091260478484628, 0.07974252981971688, 0.08680681265987908, 0.07292702747841764, -0.002605349377775606, 0.023197306626498028, 0.05030771409466167, -0.02357647446477542, 0.08389123762618332, 0.07289771556923307, 0.07735766064091074, 0.08367153236048114, 0.10056080551523439, 0.05673869616237612]
e_ttvs=[0.00014773284796031072, 0.03280363886500021, 0.000149490767766991, 9.794023497494697e-05, 8.638933730388543e-05, 0.03061990777005548, 8.319778100029929e-05, 0.00010105949979812012, 0.00011147514027570055, 0.0002132385836384476, 0.0018592462295246442, 9.356254745811199e-05, 0.000267810411675784, 0.00012642739227523847, 9.266781590754926e-05, 0.0001778206952962602, 0.00018042161335590778, 0.00027003591634012017, 0.00017463962924892107, 0.00017799581882657059, 0.00016479323004489968, 0.0001740237263274519, 0.0002042681877461594, 0.00019163934665972215, 0.0001902561096113753, 0.0001699713990036683, 0.00021405080369298057, 0.000984855505625598, 0.00016442024916097503, 0.00017853241008096432, 0.00036699886614335875, 0.00019559402075933208, 0.00019949702473055775, 0.00018885270452434488, 0.00017115907343917547, 0.010090742964375357, 0.00017977090548028374]
E_ttvs=[0.00014507506173939977, 0.04287811840814676, 0.00018900690176976154, 9.450325255845604e-05, 8.8529253570932e-05, 0.03068523637848855, 7.183629554372017e-05, 0.000100186669484012, 8.301823744047768e-05, 0.00018007314629892024, 0.010030642568465004, 8.973329906571126e-05, 0.00020866498281732482, 0.00010302372479496086, 0.0001021614159899039, 0.00022515639724123016, 0.00021190842139470756, 0.00028047920295786767, 0.0001683096696035169, 0.00021628143439631452, 0.00019046211834976637, 0.0001251131965026714, 0.00022778620799797367, 0.00018328868731127407, 0.0002045801763073951, 0.0001882530960353873, 0.0001955879818009848, 0.0002885625780200316, 0.00021192259688539508, 0.00018138339114318058, 0.000447843146719272, 0.0001810855467924838, 0.0001931871375557559, 0.00020743491085101207, 0.00018487437631600767, 0.010118933480252515, 0.0002116375761245029]
mean=1.0000846480177799
t0=0.0067700234589822515
u=[ 0.28498565 -0.12664875]
r=0.0366777189210226
b=0.025304380966091857
e_mean=1.8256387741555358e-06
E_mean=1.8358014071129247e-06
e_t0=0.00011495681051469381
E_t0=9.63260679798239e-05
e_u=[0.04021512 0.02500974]
E_u=[0.03837978 0.03323846]
e_r=0.00013026305351592632
E_r=0.00012755653404419864
e_b=0.01747111141364853
E_b=0.024910436716194192
