Data/EPIC 211763214/EPIC 211763214-c05_pars.txt : Parameter values
        p_ref=21.198872110422087
        t0_ref=2313.5860183208074
        ttvs=[0.0020100754058961236, -0.008811053810864451, -0.01389784983526958, -0.00673910726103498]
e_ttvs=[0.006243088497509078, 0.011576275500983488, 0.008240200107407017, 0.011650540429720961]
E_ttvs=[0.006450392891402772, 0.008816740890366992, 0.011269142433437454, 0.007147406564171255]
mean=1.0000022786393357
t0=0.0004847247662445144
u=[0.66860849 0.03348116]
r=0.013007120568835967
b=0.3320045133863997
e_mean=1.4186974286456433e-06
E_mean=1.3219976442435666e-06
e_t0=0.0054246502692843175
E_t0=0.004660058796327313
e_u=[0.43821842 0.43211394]
E_u=[0.48421403 0.45916967]
e_r=0.0007440261367098588
E_r=0.0007592343379052898
e_b=0.2056641998095321
E_b=0.13750287575616738
