Data/EPIC 211763214/EPIC 211763214-c16_pars.txt : Parameter values
        p_ref=21.19123944788958
        t0_ref=3267.3524685094217
        ttvs=[-0.0008388210764427998, -0.0004102149029045596, -0.001371676157373878, 0.009537966957021391]
e_ttvs=[0.009522337728985576, 0.018459434568868636, 0.01040555287152397, 0.009027100496640884]
E_ttvs=[0.012260775079354452, 0.010535903159834666, 0.005864841319240206, 0.007795368109335097]
mean=1.0000016899559425
t0=-0.14554923713016943
u=[ 0.55634679 -0.0216288 ]
r=0.013005194437290495
b=0.5943734656683846
e_mean=1.4118384248362759e-06
E_mean=1.3719432356840144e-06
e_t0=0.004875881050768777
E_t0=0.003716284406031889
e_u=[0.39019161 0.37062495]
E_u=[0.55564763 0.40816518]
e_r=0.0011496591897753802
E_r=0.000851056967194128
e_b=0.2464175446116314
E_b=0.053353905889128805
