Data/EPIC 211763214/EPIC 211763214-c18_pars.txt : Parameter values
        p_ref=21.18784715343069
        t0_ref=3436.916531099542
        ttvs=[-0.005648346260971167, -0.007918170559233004]
e_ttvs=[0.007466595947035512, 0.005695110354477442]
E_ttvs=[0.010174278832749895, 0.006546871555613088]
mean=1.0000011901930739
t0=0.002805441404735331
u=[0.59246132 0.0103525 ]
r=0.012048420934744678
b=0.5236937473507591
e_mean=1.5749083102090111e-06
E_mean=1.6477729700703492e-06
e_t0=0.006729834393426115
E_t0=0.006620529015721887
e_u=[0.41002505 0.4090998 ]
E_u=[0.53279621 0.41745826]
e_r=0.0010210328753180176
E_r=0.0010178840078684734
e_b=0.15934042104912272
E_b=0.10622677869562225
