Data/EPIC 211319617/EPIC 211319617-c18_pars.txt : Parameter values
        p_ref=8.861945923184637
        t0_ref=3418.611144483793
        ttvs=[0.0009646569263488029, -0.004565841884633411, 0.00030305718006025785, 0.004771016474933302, -0.0010723378139864473, 0.004742171256906421]
e_ttvs=[0.0005272358763071311, 0.002333955144125717, 0.0018292566248355215, 0.0023013690774957405, 0.0006313947212480695, 0.0010213144753713392]
E_ttvs=[0.0006303995402111985, 0.001999592823204014, 0.0018753465454014575, 0.002127492453333559, 0.0007190903559632175, 0.0011902564551359348]
mean=1.000004202218094
t0=9.606887353942104e-05
u=[ 1.63913366 -0.77270177]
r=0.03005748524124686
b=0.5916518996815799
e_mean=1.9368905783689883e-06
E_mean=1.897384829252502e-06
e_t0=0.0004165394776519431
E_t0=0.00047912994664552446
e_u=[0.09729505 0.06309734]
E_u=[0.07879038 0.11773963]
e_r=0.0004416157622047813
E_r=0.00038463474117516813
e_b=0.012057091083245153
E_b=0.008418729797921576
