Data/EPIC 211319617/EPIC 211319617-c05_pars.txt : Parameter values
        p_ref=8.865847910782158
        t0_ref=2310.395596966726
        ttvs=[0.033110180953124284, 0.0004972438535789259, -0.0012546043603136828, -0.0036621761569074537, 0.0023779201116715196, -0.000308096703281665, -0.00010500814163257369, 0.0004381876877298306, 0.0005805172125039161]
e_ttvs=[0.0008591675942189042, 0.008311546838593035, 0.002148429027236624, 0.0008134909559186212, 0.003724970325944773, 0.0009890371683969434, 0.0007836566951225936, 0.0009465804838712409, 0.0013928604665063614]
E_ttvs=[0.0010313020314699634, 0.0014017747795245041, 0.0014000034142599457, 0.0010405555011127614, 0.0026085911894149078, 0.0011007640074245527, 0.0009414813728060858, 0.0007459955654492687, 0.0010178836934656528]
mean=1.000000565477305
t0=-0.00013311226202110523
u=[ 0.78325511 -0.10482879]
r=0.03368451100916961
b=0.6814127486088335
e_mean=1.5794327465901148e-06
E_mean=1.5997640174791883e-06
e_t0=0.0003881329676989502
E_t0=0.000368716589453417
e_u=[0.34190401 0.32112132]
E_u=[0.24570895 0.47418024]
e_r=0.0006683936711117319
E_r=0.0005541664422465398
e_b=0.010853880750848144
E_b=0.008211906707750183
