Data/EPIC 211816003/EPIC 211816003-c16_pars.txt : Parameter values
p_ref=14.449046445489099
t0_ref=3265.802572259222
ttvs=[-0.009275063932721827, -0.004270313697062273, 0.005406788782406987, 0.003983285615326978, 0.005782245507787117, 0.007229177021631075]
e_ttvs=[0.0034950156246001188, 0.004610067098135737, 0.002017101891140381, 0.001820646647598906, 0.0027247126972769053, 0.0028946705088600012]
E_ttvs=[0.006649672185104631, 0.004933658498169967, 0.002508062797447733, 0.0027415788833017197, 0.0033984045592475856, 0.004648086792382695]
mean=1.000001132963475
t0=0.0004138217510541167
u=[ 1.2347194  -0.40971865]
r=0.032730047395131454
b=0.6133201754611649
e_mean=3.0797145693650663e-06
E_mean=3.0672935800168943e-06
e_t0=0.0009741168462230549
E_t0=0.0013315066648134288
e_u=[0.31916388 0.2371749 ]
E_u=[0.23977994 0.35343606]
e_r=0.000882540367462388
E_r=0.0008223995851469601
e_b=0.03146460105611981
E_b=0.020594551635060854
