Data/EPIC 211816003/EPIC 211816003-c18_pars.txt : Parameter values
p_ref=14.45656250510102
t0_ref=3424.7814446146
ttvs=[0.0064117915931746535, -0.0024294103677220597, 0.0031120794735362035, -0.004287530877415591]
e_ttvs=[0.0012596879213831952, 0.0012188625670875712, 0.0037394448885352096, 0.0014516713097744906]
E_ttvs=[0.0010542018668879263, 0.003704705914622619, 0.00146275451017399, 0.0034444010773993436]
mean=1.0000032611977083
t0=1.2244952671999519e-05
u=[0.43988496 0.22267996]
r=0.03396637623649239
b=0.6245745752415357
e_mean=3.8107597933878523e-06
E_mean=3.688485448627432e-06
e_t0=0.0006017271899335782
E_t0=0.0006502218079312939
e_u=[0.29802741 0.40032907]
E_u=[0.36627217 0.39535532]
e_r=0.0007522069797075565
E_r=0.00072199413905185
e_b=0.020173734107084895
E_b=0.014658450323898231
