Data/EPIC 211816003/EPIC 211816003-c05_pars.txt : Parameter values
p_ref=14.449624603920785
t0_ref=2311.855921616462
ttvs=[-0.0015969549742972855, 0.010759342992189105, 0.0078044026017669455, 0.008948846907911076, 0.011613506620594922]
e_ttvs=[0.0014105770679903409, 0.0016465527519393345, 0.001122907847199101, 0.002164228190424196, 0.004509310989009872]
E_ttvs=[0.003926856437846845, 0.0012538846881353614, 0.001180964587527122, 0.00400084657427591, 0.004152772516835396]
mean=1.000002103443651
t0=0.00010912363594199831
u=[0.48799004 0.19512668]
r=0.03360385690583553
b=0.6278181581196538
e_mean=2.978342825143976e-06
E_mean=2.9415783651121075e-06
e_t0=0.0006272970943282826
E_t0=0.0006845310546462389
e_u=[0.3176593  0.43507589]
E_u=[0.34943976 0.39831917]
e_r=0.0006724337017828541
E_r=0.0006903761422048099
e_b=0.017421023494746057
E_b=0.012542974293257791
