Data/EPIC 211941472/EPIC 211941472-c05_pars.txt : Parameter values
p_ref=5.792377285457092
t0_ref=2310.5757566410502
ttvs=[0.013981689826781104, -0.014867072533994979, 0.016847631028964662, -0.052673060488129, -0.018641305833038836, -0.030297334766764106, -0.0047189632032240865, -0.04602670511310425, -0.018359236331240758, -0.04968090817179117, -0.06143423449533838, -0.03957010439037427, -0.05450870749316481]
e_ttvs=[0.011143873960359436, 0.015190503026330224, 0.004686046656976958, 0.00731931271105641, 0.008466768928377125, 0.00754988321956046, 0.020037905025671605, 0.009860693079399636, 0.018533149601491383, 0.012564836513299087, 0.010743986764826165, 0.015099906519010789, 0.018981225731164737]
E_ttvs=[0.02314000682846302, 0.010994741440459374, 0.005861288998486043, 0.006133935349120288, 0.011704740550143283, 0.006683854902902096, 0.009562044318365803, 0.015540416906556095, 0.02920337633548019, 0.017956825576262818, 0.017549464561926104, 0.014041549116891233, 0.014254613775141735]
mean=1.000002147160254
t0=0.004358312604344651
u=[ 0.84261098 -0.22204081]
r=0.0101595076807048
b=0.6770911014773596
e_mean=9.200385668872713e-07
E_mean=9.345345810540806e-07
e_t0=0.003920559934445639
E_t0=0.0037324022230628808
e_u=[0.44035409 0.29948437]
E_u=[0.41107942 0.39252567]
e_r=0.00012008620217062935
E_r=0.00026766781584996666
e_b=0.060324596611310066
E_b=0.055486111017444495
