Data/EPIC 211941472/EPIC 211941472-c16_pars.txt : Parameter values
p_ref=5.781270360072014
t0_ref=3264.9627893338666
ttvs=[0.006173989450560207, 0.01991270330242087, 0.009032753055364787, 0.01641512058601692, 0.014442851429670757, -0.0069918264903895445, -0.018876381162946224, -0.016929286581743926, 0.0017343379614680847, 0.042577037813275154, 0.00797678699502223, 0.038764009435549474, 0.03212540820651459, 0.013605281178357236]
e_ttvs=[0.005849250286582624, 0.009838053114431944, 0.009009474408124865, 0.007194765173532009, 0.007465954567275977, 0.013260950155133611, 0.006061580522933929, 0.01331210299341598, 0.012498320451006175, 0.019497514523134217, 0.005116128306243325, 0.012961198643833681, 0.005623014258605542, 0.006208443330220238]
E_ttvs=[0.006042703744983167, 0.008008241760117742, 0.009721983362996782, 0.007894550961814586, 0.007381321571400194, 0.008374239636787066, 0.004141353082742234, 0.009940580502131643, 0.007544221526297945, 0.007813643290738442, 0.005346598272022799, 0.01669433888205872, 0.00894121459613638, 0.005498678425457482]
mean=1.0000019742490407
t0=0.00035394817678496295
u=[0.20563466 0.09889952]
r=0.010155611064800571
b=0.3575208965984137
e_mean=8.766700101414671e-07
E_mean=8.933535871058496e-07
e_t0=0.0027724191322756695
E_t0=0.0028119163716425833
e_u=[0.14563781 0.20622835]
E_u=[0.23696463 0.27481363]
e_r=0.00011093932387832607
E_r=0.00019507597793613947
e_b=0.188919830037133
E_b=0.10881372841944714
