Data/EPIC 211941472/EPIC 211941472-c18_pars.txt : Parameter values
p_ref=5.776873868773755
t0_ref=3421.1662979420043
ttvs=[-0.03324213281156206, -0.007769073329766573, -0.015295536847354112, -0.017288081414885522, -0.0038898596363431295, -0.0069701747125179795, 0.020960318720928996, -0.027533324360179905, -0.010774200994688888]
e_ttvs=[0.005711144333575835, 0.012766050824350762, 0.007787430156715028, 0.00536065681884626, 0.005836173454423792, 0.0074273609604032734, 0.008103457528159632, 0.010547531978620552, 0.005387648320049728]
E_ttvs=[0.01567023976142542, 0.020301872221892087, 0.004842266654202258, 0.007264298027916184, 0.006534869926485627, 0.028208745073491352, 0.00924146177553161, 0.019106002622288374, 0.006572546445960878]
mean=1.0000023998784149
t0=0.05438652197803898
u=[0.11065207 0.04417071]
r=0.010069351928574975
b=0.2528974925063583
e_mean=1.1727171467246222e-06
E_mean=1.1491193525614563e-06
e_t0=0.002213462624837896
E_t0=0.0029485224319317424
e_u=[0.08249826 0.10388248]
E_u=[0.15854987 0.16719345]
e_r=5.201186118024975e-05
E_r=0.00011116594842597131
e_b=0.14965880680959626
E_b=0.10432988870984894
