Data/EPIC 211821192/EPIC 211821192-c05_pars.txt : Parameter values
        p_ref=37.41179661929183
        t0_ref=2306.7755160785664
        ttvs=[-0.2878235875936286, 0.010369562738400475]
e_ttvs=[0.005355302286284835, 0.0011589835067390315]
E_ttvs=[0.0025943917358991486, 0.0009645093723478285]
mean=1.0000010348168713
t0=-0.0012731245834556228
u=[0.27528957 0.20671042]
r=0.028299014962691785
b=0.38704636457885255
e_mean=1.4587829553214249e-06
E_mean=1.4101891496753893e-06
e_t0=0.0014315832515197319
E_t0=0.0013409185122257167
e_u=[0.18746529 0.31797536]
E_u=[0.27717385 0.3395002 ]
e_r=0.0007093716160791082
E_r=0.0006683968499899863
e_b=0.04967369902135155
E_b=0.03283704690039274
