Data/EPIC 211821192/EPIC 211821192-c18_pars.txt : Parameter values
        p_ref=19.153464790448883
        t0_ref=3432.7160784814278
        ttvs=[-0.0007172378135085178, 0.0011118636981982447]
e_ttvs=[0.0035490611166459937, 0.0010268506354260847]
E_ttvs=[0.0038501865838813432, 0.0009300958495629614]
mean=1.0000011488881095
t0=0.04407404764854474
u=[0.15243381 0.05798347]
r=0.022093122806618133
b=0.1587666368241279
e_mean=1.8069051044289353e-06
E_mean=1.7904860987183469e-06
e_t0=0.0013244894377290456
E_t0=0.0030038882310007287
e_u=[0.10900312 0.14202976]
E_u=[0.18920294 0.22824854]
e_r=0.0005610793532257081
E_r=0.0005287817625460253
e_b=0.10560175882325032
E_b=0.12535514089928124
