Data/EPIC 212085740/EPIC 212085740-c05_pars.txt : Parameter values
        p_ref=4.845709426345844
        t0_ref=2308.5854885202657
        ttvs=[0.0021631166387140253, 0.0015163325603206718, -0.004669295469616686, 0.001400826053628209, 0.0008770488050213522, 0.00033423090103109796, 0.00017469102856694887, 0.00025353571725578714, -8.535166912747582e-06, 0.00042980193486187774, 9.159519883607274e-05, -0.0002843199126653288, -5.535242307951292e-05, -0.0003494744019219673, -8.405587667087051e-05, -0.00028961455440978267]
e_ttvs=[9.877497818888345e-05, 0.00011311972455066996, 0.0001229830579010478, 9.866013180812082e-05, 9.987971918123928e-05, 0.00010587431180147475, 0.00010197252032710389, 0.00010143216583738708, 0.00010083391287315438, 0.00011307716160601178, 0.00010873720095573431, 9.821383426164348e-05, 0.00010104164054436245, 0.00010600445119887409, 0.0001104085601960262, 0.00010902581652928023]
E_ttvs=[0.00010785040690019718, 0.00012385184960533348, 0.0001372682317299142, 0.00010831094028258392, 0.00011594545241734133, 0.00010849044853996368, 0.00010550663239523097, 0.0001084759849314995, 0.00011495586044009778, 0.00010458200733530671, 0.00012093779817869611, 0.00011136626521115575, 0.00011216743547959256, 0.00011551243973008255, 0.00012463168057375156, 0.0001266619200349819]
mean=0.9987517508890815
t0=1.939767130608997e-05
u=[ 1.99999714 -0.99999778]
r=0.09999998181992031
b=0.0003208668647834928
e_mean=3.25008412860317e-06
E_mean=3.086130210494531e-06
e_t0=2.7822451559129345e-05
E_t0=2.6568598083499454e-05
e_u=[2.79034845e-06 1.35205037e-06]
E_u=[1.65136062e-06 2.41997288e-06]
e_r=3.077084137492747e-08
E_r=1.345942163277769e-08
e_b=0.00021718883358932554
E_b=0.0003578156294105306
