Data/EPIC 212085740/EPIC 212085740-c18_pars.txt : Parameter values
        p_ref=4.842665564355208
        t0_ref=3423.07105188984
        ttvs=[-0.008075865176810058, -0.005236202151793379, -0.002806315283354366, 0.0002591434226006102, 0.0033255969732220374, 0.005488979851651895, 0.008677006512734443, 0.011216502184401813, 0.013825769086332141, 0.016470292244539643]
e_ttvs=[0.00011673376359163518, 0.00010136803369600964, 9.665230438115225e-05, 0.00010475874018105836, 0.00010526260186589876, 0.00010849634035158678, 0.00011292670368306598, 0.00011179026896791615, 0.00010932745187215709, 0.00012002987478376345]
E_ttvs=[0.00012098958736216602, 0.00011470824959572065, 0.00011556285514716536, 0.00011380599931587492, 0.00011723581629013253, 0.00011115180307800891, 0.00011344089914856054, 0.0001201038283463688, 0.00011679200873792629, 0.00012314210972556167]
mean=0.9987735048701509
t0=-1.4070401183764983e-05
u=[ 1.99999542 -0.99999646]
r=0.099999970625115
b=0.0004022308147828535
e_mean=3.968356226513592e-06
E_mean=3.7827419938629703e-06
e_t0=3.4730995891988546e-05
E_t0=3.4006475558354224e-05
e_u=[4.46385670e-06 2.11139291e-06]
E_u=[2.64532678e-06 3.87196393e-06]
e_r=4.8079944303669464e-08
E_r=2.1632861293974237e-08
e_b=0.0002796075132632138
E_b=0.00043464077943925313
