Data/EPIC 212085740/EPIC 212085740-c16_pars.txt : Parameter values
        p_ref=4.84570181543135
        t0_ref=3263.158101333914
        ttvs=[0.0007685650872902839, -0.0010785853316586415, -0.0017239612405824055, -0.0015149178268544753, 0.00034567114322473955, -0.0003354846412049375, -0.0008400260860327103, -0.0004418605039090825, -0.0002437379004870159, -4.326658397376128e-05, 0.00022841402660850498, 0.00028964462633433057, 0.004448788218225778, 0.0006935287089772652, 0.00029966115026360115, -4.655854645111606e-05, -0.0012813234484815757]
e_ttvs=[0.00015170130629010663, 0.00014300204637670492, 0.00014205508195381123, 0.00016416569270800117, 0.00015184317043510817, 0.00015004270349490266, 0.00015030472880812797, 0.00014680632037127885, 0.000151814365825428, 0.0001531835941218953, 0.00016398260205911918, 0.00015706921001086582, 0.00015391323766894213, 0.00014360244570110813, 0.00015429396367691722, 0.00015210701552268452, 0.00015218977958096343]
E_ttvs=[0.00017386178320684734, 0.0001567449863083759, 0.000167351949864304, 0.00015658543213711742, 0.00015112650227035109, 0.00017453552992945207, 0.0001638940606768066, 0.00016166178721112513, 0.00016526263486588467, 0.00015925596420277653, 0.00015639600047344582, 0.0001674659783941418, 0.00017505298402347835, 0.00015077633202898756, 0.00016980191333779756, 0.00017647151496594365, 0.0001727516328367618]
mean=0.9985913161477397
t0=-6.819587367525566e-06
u=[ 1.99999454 -0.99999578]
r=0.09999996491752663
b=0.00044137947447528143
e_mean=4.515041309605117e-06
E_mean=4.343932767714165e-06
e_t0=3.725944538352518e-05
E_t0=3.6944512668293516e-05
e_u=[5.23254833e-06 2.46282416e-06]
E_u=[3.07955008e-06 4.59561641e-06]
e_r=5.9513736175298426e-08
E_r=2.643793790835236e-08
e_b=0.0002969536288563575
E_b=0.00048281679032322045
