Data/EPIC 211331236/EPIC 211331236-c18_pars.txt : Parameter values
p_ref=1.2914758136627325
t0_ref=3419.266618674598
ttvs=[0.005124044725613248, 0.002318223926077289, -0.0008015454096351893, -0.005780637910655395, -0.0028068402025370224, -0.0036864399444244906, 0.0006189155526403508, -0.0054172725635793645, 0.0031316885863106343, 0.006590209788423092, -0.0062498126866598405, -0.0027717965217562944, -0.0001021060039897076, -0.0022280074286384266, 0.004721509387648468, 0.001503015256127766, 0.003841401961356135, -0.0048228578323770005, 0.003077741814061743, 0.002851867507262292, 0.003273879263635248, 0.0032399643881661543, 0.004027339532752744, -0.0014663825147418403, -7.12934325739465e-05, 0.002837319744254533, 0.0018329581910824177, -0.001165562531172906, 0.00274928529566555, 0.016022124723606954, 0.0004399073333740134, -0.009586557371195938, 0.00016067592930340017, 0.002717756398343768, 0.0007972038340608358, 0.003205008095579947, -0.004230345213259006, 0.0035256507326183245, 0.003574037010363793]
e_ttvs=[0.0008361307153541943, 0.0013144779946914367, 0.0014513333289640855, 0.0011253669629317335, 0.0025891109486194342, 0.002544647182114821, 0.0017155836848430565, 0.002430968727865638, 0.003652136028205589, 0.002069226915094556, 0.004641511310381961, 0.0017452559381090967, 0.002486628526799124, 0.00275069048273299, 0.002558208854466564, 0.0014647457860823396, 0.001984083280081116, 0.0012451169051095638, 0.0036731328112886066, 0.0027494992289221944, 0.002317617868614162, 0.002090278221492656, 0.0036735520096532553, 0.0028597101769242375, 0.002771806656043559, 0.0017065902471897706, 0.0020502741236283263, 0.002045058722790303, 0.002716810291461933, 0.007321286913411542, 0.002738481987313954, 0.0016534699451962905, 0.0027327611887590308, 0.0022519077597667105, 0.0025662038571555423, 0.0017800642954755518, 0.0017732488493103242, 0.003693950659169183, 0.0026599314109608703]
E_ttvs=[0.0008435034840537188, 0.0015153557388593334, 0.0018228152285997914, 0.002233853922513258, 0.002841857075240279, 0.0024805774076375187, 0.0017446890590178017, 0.0016609963609532838, 0.0030984550627232684, 0.0032118637513805174, 0.004444659340012379, 0.001564262782250823, 0.003115163483833949, 0.0036655502774679844, 0.002901441822569826, 0.0013314787183245423, 0.0028205025392567225, 0.0012993648415804224, 0.003045456418059886, 0.002491834910091981, 0.0020108045486995, 0.00280518026857303, 0.004007112041449198, 0.003457395491854914, 0.0021752751156568395, 0.001980565483643106, 0.0024467952971821256, 0.002695727574996467, 0.002365593246439251, 0.006493607004231943, 0.0022809739941184594, 0.001311823881031831, 0.0025747163225528632, 0.0019211487346263048, 0.002706316338086264, 0.0024735092009070896, 0.0016750523120850442, 0.0030057538010579317, 0.0017895592638175867]
mean=1.0000335535016998
t0=4.896044363083735e-06
u=[ 1.50840647 -0.64681381]
r=0.03778490469794371
b=0.7177704791970145
e_mean=4.723207093881854e-06
E_mean=4.790774886131999e-06
e_t0=0.00028109173375577285
E_t0=0.0002784609374809871
e_u=[0.18754205 0.1287596 ]
E_u=[0.12846799 0.23134575]
e_r=0.0008061820661476107
E_r=0.0007626585536740227
e_b=0.013021237393907703
E_b=0.011404384092556286
