Data/EPIC 211897691/EPIC 211897691-c18_pars.txt : Parameter values
        p_ref=5.750174899779957
        t0_ref=3419.346286818288
        ttvs=[-0.002962231009771229, 0.0006783632862961211, 0.005367473596546092, 0.006304067717190437, 0.0025149413850341527, 0.0040062970382167724, 0.0012036255532342248, -0.0088530668901982, 0.009296434333315626]
e_ttvs=[0.003699325902475103, 0.004392798705751813, 0.0038548980899240992, 0.0058294459311171555, 0.0032440301291994387, 0.004101410859616578, 0.01151426380957216, 0.0063301188939390764, 0.0038477395052478967]
E_ttvs=[0.0033989677279675948, 0.0038440002163536617, 0.0068579748892486124, 0.003992700340806073, 0.003253712212334404, 0.00462680526959949, 0.004423083199372012, 0.0040707531628910556, 0.004722310938723549]
mean=1.0000023679720744
t0=-0.00012861037601787767
u=[ 0.78151388 -0.09720746]
r=0.041385015500753325
b=0.9533148032108104
e_mean=5.939595375425988e-06
E_mean=5.803962365824589e-06
e_t0=0.0013050744778609802
E_t0=0.001191192782278009
e_u=[0.53942727 0.49013459]
E_u=[0.65713018 0.50504101]
e_r=0.005697617683530269
E_r=0.011216480000749138
e_b=0.011867535997112433
E_b=0.012252224202807471
