Data/EPIC 211897691/EPIC 211897691-c05_pars.txt : Parameter values
        p_ref=5.750865100220045
        t0_ref=2309.495744185542
        ttvs=[0.0005283680709483202, 0.0016845970653619796, -0.0037340063421136814, 0.003681164213926133, -0.00769191978560836, -0.0029346483727176295, -0.0024049572792932093, -0.0035647521577482043, -0.0077815514840847005, 0.0011519944012434939, -0.010958234243979688, 0.0034280170496130743, 0.003748331464117111]
e_ttvs=[0.010233627145684382, 0.002893812664927946, 0.0041831080304387345, 0.006686194695122714, 0.0030689003418592833, 0.0033482288209760775, 0.004549416371329052, 0.004385924986325099, 0.0022899688365813128, 0.003549764394929574, 0.004464486889637043, 0.003747409666840556, 0.0020901070297928343]
E_ttvs=[0.0036264141267972195, 0.006875882785355999, 0.004128853053176533, 0.008991394804020456, 0.005592724134777985, 0.002915069912502857, 0.006973387528071365, 0.0031621723405102042, 0.0023029260679188254, 0.003170970358420843, 0.0030499727434489705, 0.0032403835826097585, 0.0017719836861180356]
mean=1.0000017964112184
t0=-5.19522937167803e-05
u=[ 0.42118093 -0.00434672]
r=0.03328161204621702
b=0.9166522858905815
e_mean=5.101419603414925e-06
E_mean=5.018391081135221e-06
e_t0=0.0008317552470793839
E_t0=0.0008309308831765041
e_u=[0.30814184 0.30739708]
E_u=[0.46526322 0.31933046]
e_r=0.00198102172495844
E_r=0.002780347501361337
e_b=0.007439434691907776
E_b=0.005897961690177644
