Data/EPIC 211897691/EPIC 211897691-c16_pars.txt : Parameter values
        p_ref=5.751785367473495
        t0_ref=3264.072804628279
        ttvs=[0.0006615558842711729, 0.008782885780546973, 0.0027885657954021866, 0.009014377569628756, 0.0016175777779398734, 0.01274376628962405, 0.001521186466961772, -0.00016148471662879384, -0.00494930816303842, -0.003948448827993719, -0.0054248652214004805, 0.002012560823123246, -0.004061886057701096, -0.01693702214243349]
e_ttvs=[0.0026976836175046787, 0.00491184987966669, 0.002818027068535882, 0.0033030689449844693, 0.004056724460843233, 0.003146881626140994, 0.004128387485528724, 0.004251687501734928, 0.0030372181638905473, 0.002687071188143605, 0.004449468376717813, 0.003321733731498266, 0.002734813527125737, 0.0036537999615466193]
E_ttvs=[0.0034409710802555176, 0.006317704434370108, 0.00309978985184771, 0.00342926892264, 0.0047591811633162185, 0.0029605977212712326, 0.0064365526225631554, 0.008987226057114333, 0.0029114671979394817, 0.002851993340223322, 0.00580474062749236, 0.003565426153687187, 0.002915480936130934, 0.005452605587576398]
mean=1.0000005674463006
t0=-6.374196543585478e-05
u=[0.45523184 0.00349346]
r=0.03428000008085226
b=0.9217753542392422
e_mean=4.790854144398615e-06
E_mean=4.810606788030469e-06
e_t0=0.0008798883353506777
E_t0=0.0009027405859735584
e_u=[0.32075073 0.32974175]
E_u=[0.49441534 0.35132001]
e_r=0.002274374114977107
E_r=0.003188893452848965
e_b=0.007558619311037962
E_b=0.006763028687512662
