Data/EPIC 211733267/EPIC 211733267-c05_pars.txt : Parameter values
        p_ref=8.661433752490499
        t0_ref=2311.9137923863345
        ttvs=[0.017268820900412714, 0.010922599428726386, 0.016213000486017468, 0.0202536449541324, 0.003207192571107532, -0.006069563662642416, 0.0030837607368967863, 0.006215728748959215, -0.0063550806220140504]
e_ttvs=[0.000431719856999236, 0.0008606010733053261, 0.000756958954320314, 0.0006203777389351336, 0.0004043386035069516, 0.0007610864345181491, 0.0006774975299620291, 0.0006311352414584475, 0.00045389419001396706]
E_ttvs=[0.00040733634209540875, 0.0008703647126554487, 0.0005251601866597781, 0.0005834513867718355, 0.00043657368575428495, 0.0009735364721694803, 0.0006484561375417713, 0.0005450965059944418, 0.0004588662832265373]
mean=0.9999988964978044
t0=-4.8255779189095534e-05
u=[0.13976549 0.05416341]
r=0.04806652100682114
b=0.9132211418270593
e_mean=1.3010142740910169e-06
E_mean=1.3160582514881725e-06
e_t0=0.00019565497977855302
E_t0=0.00020606010192577483
e_u=[0.10249073 0.13786161]
E_u=[0.20026844 0.1776376 ]
e_r=0.0012514297795255327
E_r=0.0016821629117409129
e_b=0.001756024175509574
E_b=0.0015513078238020839
