Data/EPIC 211733267/EPIC 211733267-c16_pars.txt : Parameter values
        p_ref=8.661433752490499
        t0_ref=3264.312773110227
        ttvs=[0.04114280721962204, 0.003362907560403281, 0.0005627142486569919, 0.000824337562837737, -0.00665141775138996, -0.004091090513363881, -0.009005344235057729, -0.01349733118901336]
e_ttvs=[0.0005721745671156478, 0.0005492251150873225, 0.0007352027134670405, 0.000625670803798895, 0.0005359106168132607, 0.0006165133847611352, 0.0007299093899324014, 0.0004677634504845641]
E_ttvs=[0.0005271503948415385, 0.000491097225860593, 0.0006453089233945221, 0.0006461890853277444, 0.000502764058130995, 0.0005573789892450798, 0.0013337892357967729, 0.0004945823872740361]
mean=1.000007775398002
t0=-0.0007705187622670087
u=[ 0.19552009 -0.04257025]
r=0.038260027534213925
b=0.8998972814049281
e_mean=1.1262653021315572e-06
E_mean=1.1100984032008654e-06
e_t0=0.0002195525793539326
E_t0=0.0002232943773169331
e_u=[0.13761493 0.12073795]
E_u=[0.22007088 0.09372557]
e_r=0.0008571970104367735
E_r=0.001205347014517022
e_b=0.001756514892064076
E_b=0.0016401269971880739
