Data/EPIC 211733267/EPIC 211733267-c18_pars.txt : Parameter values
        p_ref=8.655198642508502
        t0_ref=3420.1726030874393
        ttvs=[-0.006218366605395594, -0.0014558631510367777, 0.0002168026712448256, 0.0016907618372046119, 0.006514626246893142]
e_ttvs=[0.0003629428228179247, 0.0006121227639934242, 0.00039588798976522826, 0.00032542446324752817, 0.0003386675386876717]
E_ttvs=[0.00038038033594068633, 0.0005089048875281835, 0.00039922742475372773, 0.00033904091263433625, 0.00033481638715212106]
mean=1.0000034554936428
t0=-0.001464882347606866
u=[0.17134073 0.02641156]
r=0.06610893242663679
b=0.9401516376142547
e_mean=1.6829684013064394e-06
E_mean=1.6617729368118006e-06
e_t0=0.00015118153714769353
E_t0=0.00015766788438879766
e_u=[0.12875604 0.13594384]
E_u=[0.23822867 0.26952262]
e_r=0.0032348100224483534
E_r=0.006412700396353638
e_b=0.002905515805398773
E_b=0.0033696368892390804
