Data/EPIC 212154564/EPIC 212154564-c18_pars.txt : Parameter values
        p_ref=6.411952125225046
        t0_ref=3418.751378296982
        ttvs=[0.0027030884328429865, -0.0031616324839865845, -0.0007146777758600946, 0.0036734499912887296, 0.0036113583191155632, 0.006133663150260291, 0.008464642887974272, 0.01071118845043004]
e_ttvs=[0.0026600170543141406, 0.0024454546126665318, 0.002832372302368929, 0.0026490765759928847, 0.0025179115793105347, 0.002414559686853133, 0.002205357053410943, 0.0022975255737706767]
E_ttvs=[0.002477276626244763, 0.0027301040397632093, 0.002790537111283068, 0.002788432872969455, 0.0023703497842175094, 0.0021881063118159676, 0.0023757665381860284, 0.0022135507365884342]
mean=1.0000163765184513
t0=5.974417979339217e-05
u=[0.59203507 0.00132414]
r=0.08248462102551918
b=0.903899731177348
e_mean=1.7101225668669784e-05
E_mean=1.707645277426728e-05
e_t0=0.0009359638726353164
E_t0=0.0009273958590690083
e_u=[0.40954534 0.38931879]
E_u=[0.52369696 0.42598528]
e_r=0.005493696800671924
E_r=0.0076655943454796704
e_b=0.014351017453876125
E_b=0.01134325031725747
