Data/EPIC 212154564/EPIC 212154564-c16_pars.txt : Parameter values
        p_ref=6.4132351058211645
        t0_ref=3264.817643153359
        ttvs=[-0.0023111044402778598, 0.0020532813588667233, -9.774682978832622e-05, -0.0014304749216901193, 0.0025988211218018896, 0.003018557663589295, 0.001518488816478817, 0.000656506485607807, 0.0017016781842710792, 0.0038727248432077564, 0.007391874129725916, 0.0055810697684886435, 0.0071959565314194986]
e_ttvs=[0.0027525311501019724, 0.002481917159799204, 0.002741561826586516, 0.002378867111367647, 0.0028181282432208697, 0.002667938690285498, 0.0022378299369286334, 0.002430036902608686, 0.002302411112756827, 0.0027065290267411003, 0.002325891734255627, 0.002353165047116769, 0.0022966138564767015]
E_ttvs=[0.003342960276108211, 0.002517865983936163, 0.0024680856527225232, 0.0022844474670236014, 0.0026271451083349803, 0.0026077571697655437, 0.0023164796898766486, 0.002536704354374985, 0.0021082471565208043, 0.0024494596463638567, 0.002525591713507527, 0.0020697448635409437, 0.00247555604746574]
mean=1.0000275099717593
t0=-2.977075007493655e-05
u=[0.31969102 0.08559498]
r=0.08209099667605149
b=0.9049909120803472
e_mean=1.3836090410279667e-05
E_mean=1.4344577822900106e-05
e_t0=0.0006780579931739872
E_t0=0.000689596682088455
e_u=[0.22602099 0.26049202]
E_u=[0.37896583 0.33834908]
e_r=0.004009782674229023
E_r=0.0052662021395227104
e_b=0.010471978268560611
E_b=0.008094290387998027
