Data/EPIC 212154564/EPIC 212154564-c05_pars.txt : Parameter values
        p_ref=6.41426149029806
        t0_ref=2309.1758530441125
        ttvs=[0.0035651413084420427, 0.0058090224607473765, 0.005220239026272522, 0.004729584657679985, 0.005471688223862863, 0.003162375503299614, -0.0004958341292631215, 0.0006372611530363159, 0.006315660797323213, -0.0011780327981060846, -0.0009836801003896022, -0.0030901995999947744]
e_ttvs=[0.002969313278860892, 0.0027663721872664524, 0.002707489747234046, 0.0028129148269990176, 0.0031561783962492053, 0.002946151169858642, 0.0032191546632433362, 0.002977364327683969, 0.002895151113899708, 0.0032170685866851944, 0.0028282444463672623, 0.002955711415082215]
E_ttvs=[0.0030455742850235947, 0.0026236236700083442, 0.002905984302451276, 0.002470676242240394, 0.003326250336958018, 0.0028918265196163258, 0.0027664236947913, 0.0029537767285914844, 0.0031145867155504044, 0.0033989646558316602, 0.002856700598545886, 0.0032092746310572154]
mean=1.0000145623309642
t0=5.918847766126989e-07
u=[0.48467322 0.03681833]
r=0.08036167103970872
b=0.8869696809810006
e_mean=1.6218521283750675e-05
E_mean=1.6137935030302586e-05
e_t0=0.000818214513364674
E_t0=0.0008250535515619934
e_u=[0.34095079 0.35928823]
E_u=[0.51814836 0.4010699 ]
e_r=0.003933473658685002
E_r=0.005287201837727573
e_b=0.014415151231297663
E_b=0.010785836665952897
