Data/EPIC 211800191/EPIC 211800191-c18_pars.txt : Parameter values
        p_ref=1.1061483775348167
        t0_ref=3419.4514645798276
        ttvs=[-0.004505927693264852, 0.0006331329571447136, -0.003017744793152324, -0.0007289241540597616, -0.0015557378346558524, 0.00037213451450127875, -0.0007868690348569247, -0.0016048793028311911, -0.0010682488798657978, 0.001940045238323658, -0.0009065455077234348, -0.00336132418734471, 0.0012605285868347708, -0.0004506655870570518, -0.003352204354493563, -0.0015913732595098475, -0.00023099149771590752, 0.0021625108755322945, 0.0015677924682718793, -0.0009968584047588744, 0.00017104871808499187, -0.002133255907939211, -0.0016997626023312073, 0.0012140256680010077, 0.0020118076920106944, -0.0005341147585273555, 0.00042319355811908137, -0.0005438105014453608, -0.0012775191963003733, -0.0025553989226822183, -0.0019884251040999815, 0.004100924044487051, -2.541635988578027e-05, 0.0030307024650438664, 0.0005662597213010559, 0.0008007032974207018, -0.00043974557652897014, -0.002494366881728576, 0.0003961586273484787, 0.0021136849886461205, 0.0011561386816148634, 0.00047067391298274215, -0.0016089344139882035, -0.0006164499695011285, -7.606766856637053e-05, 0.0020686395715557066]
e_ttvs=[0.0005860949103860995, 0.0012848251943132659, 0.0016084934063533463, 0.0012901300032467796, 0.0006268044556109868, 0.0006435713542356745, 0.0005890678607184014, 0.0007210407848757417, 0.0016325553735241785, 0.0016351676672119442, 0.0012114926816624663, 0.0012802594606818145, 0.0005907736826256669, 0.0005688597991714701, 0.0005759403527401978, 0.0009255662812964881, 0.0010736667360053596, 0.0016223145546787026, 0.0007355895984805833, 0.0005871379840194776, 0.0005800829620479498, 0.0005989693804010245, 0.0009393270729258576, 0.0016616105386277886, 0.0013271275094535995, 0.001498307856268549, 0.0006070085809478396, 0.0005714601533744767, 0.000553793043975814, 0.0006649734367462743, 0.0013266903470411872, 0.0012574117436054306, 0.0012289327198402491, 0.0005815109803006618, 0.0005362974682479961, 0.0006644949746060968, 0.0008840776087109039, 0.0012968774615998622, 0.0012410908149923941, 0.0008826739172379172, 0.0006005123746654668, 0.0006409791962141459, 0.0005206910829057786, 0.0006563972886902221, 0.0014316045855145032, 0.0012959870351649848]
E_ttvs=[0.0006497557143913973, 0.0013169227474123441, 0.0015769473763690453, 0.0014070837174210925, 0.0005793579315875429, 0.0006408969789878148, 0.0005945951403640925, 0.0007764412688660166, 0.0014202540233385504, 0.0014025887499223534, 0.0010479790216144412, 0.0021085898175853745, 0.0006197282461077606, 0.0006140694989492186, 0.0006218046278273753, 0.0010621235925037465, 0.0011890293886148702, 0.0012814998839563844, 0.000664790618313137, 0.0006095587199362613, 0.000660920017069586, 0.0006494747141743357, 0.0012022201895748803, 0.0014932495748258862, 0.0011975758974182016, 0.001161272866656573, 0.0005558706845914753, 0.0006228925323098052, 0.0005679019212429669, 0.0008781512726397872, 0.001172401693295213, 0.000915223300678389, 0.0010731037731924725, 0.000557622124062556, 0.0005394419226506871, 0.0007258625163387696, 0.0010446776547293332, 0.0012730996364494788, 0.0012345940008366355, 0.000795953547247276, 0.0006589047984488204, 0.0006744340149625265, 0.0005542575870948893, 0.000774316885748288, 0.0011857039347059136, 0.0011173647442024948]
mean=1.0000094717077344
t0=-1.8567982791806575e-06
u=[ 1.87203551 -0.91115734]
r=0.043367066084074105
b=0.8063865402545
e_mean=1.5618177038323466e-06
E_mean=1.5744174013399004e-06
e_t0=0.00010606296525186268
E_t0=0.00010767815365678401
e_u=[0.05360017 0.03721416]
E_u=[0.05138688 0.05794433]
e_r=0.0006734143941233145
E_r=0.00070638462172503
e_b=0.010744176009947703
E_b=0.010063800748408847
