Data/EPIC 212088059/EPIC 212088059-c18_pars.txt : Parameter values
        p_ref=10.368551035607123
        t0_ref=3428.3963562237054
        ttvs=[-0.0018510648863846904, -0.004270383486567819, -0.008074537713975049, -0.002418892894338439]
e_ttvs=[0.006491879905820456, 0.005144578411307876, 0.007091301405350765, 0.0046162605224714425]
E_ttvs=[0.006687817181065368, 0.004838760771045084, 0.005415534182559755, 0.005154904419587923]
mean=1.0000063221493796
t0=-0.0003766196206523259
u=[ 0.65853992 -0.01284719]
r=0.04020199355695359
b=0.8553495161426568
e_mean=1.0149653461910546e-05
E_mean=1.0107652684832047e-05
e_t0=0.0027271692937748796
E_t0=0.002715648140518472
e_u=[0.45749648 0.46129139]
E_u=[0.59737143 0.45632455]
e_r=0.003057892838311392
E_r=0.003781173690190362
e_b=0.028578207126176647
E_b=0.025739281252505908
