Data/EPIC 212088059/EPIC 212088059-c05_pars.txt : Parameter values
        p_ref=10.368136301860373
        t0_ref=2308.700826437158
        ttvs=[0.017914977319283383, 0.011119965646653454, 0.008605718449088674, 0.005416216571386126, 0.012007335458677215, 0.0027740605432508983, -0.002322049354640784, 0.0032437872071569658]
e_ttvs=[0.004646681169846817, 0.004788453153367793, 0.005767396887849387, 0.005739604429892404, 0.007108474424006427, 0.009048163504621433, 0.007298873350600248, 0.0070145578075964206]
E_ttvs=[0.006965427875448536, 0.006764620674998516, 0.005498938512782433, 0.004804723728473568, 0.0044033575821314265, 0.0057284973366265686, 0.004877110937583216, 0.005914458273172193]
mean=1.0000057619826732
t0=-0.0003460306977389776
u=[ 0.62693203 -0.00317041]
r=0.04125452534508785
b=0.8744436208308827
e_mean=7.8913725083396e-06
E_mean=8.299707859649175e-06
e_t0=0.0020158173505316116
E_t0=0.0016735170570053798
e_u=[0.44333062 0.44599886]
E_u=[0.58682178 0.46215788]
e_r=0.002692493119566687
E_r=0.003566714833938882
e_b=0.01981129802669268
E_b=0.015588882221538536
