Data/EPIC 212088059/EPIC 212088059-c16_pars.txt : Parameter values
        p_ref=10.367721568113623
        t0_ref=3262.5176586149437
        ttvs=[-0.001968148762772523, 0.0008768758336179188, -0.0032236423062557574, -0.007086483567528479, -0.002831977631288547, -0.004282347376515486, 7.32282443928155e-05, 0.003462708088539078]
e_ttvs=[0.004465586820599637, 0.004424088447889322, 0.005328641478595507, 0.0035102206432667616, 0.004930257309633891, 0.004162836361604565, 0.005221162547675859, 0.0037592011641403005]
E_ttvs=[0.009872222452913892, 0.00343339853259655, 0.004089674767104555, 0.004350513912328166, 0.0034319410111380735, 0.0034730039214741822, 0.00509413915671945, 0.004034511885181543]
mean=1.0000054563333987
t0=5.353954836077031e-06
u=[ 0.81915439 -0.07492143]
r=0.04418981443641817
b=0.8770143988253464
e_mean=6.215315974555935e-06
E_mean=6.039178866101835e-06
e_t0=0.0012664598733090576
E_t0=0.0012718663628673579
e_u=[0.55673632 0.47895599]
E_u=[0.57137766 0.51767681]
e_r=0.0030355968457896065
E_r=0.004118089492591563
e_b=0.015422189713181766
E_b=0.012242986112297571
