Data/EPIC 212072539/EPIC 212072539-c16_pars.txt : Parameter values
p_ref=7.677043568513703
t0_ref=3263.567531025846
ttvs=[-4.8794441633629495e-05, 0.0010120772991553861, -0.006731469291860205, 0.004455699396558678, 0.0014444093391393353, 0.006625648793011628, -0.00011864992347606117, -0.008009070214312266, 0.0023139075361047084, 0.007868222769229539, 0.042775105437607805]
e_ttvs=[0.007328092677973314, 0.00608508261153769, 0.01315751462223694, 0.0033861701650447096, 0.005824982186650782, 0.0057523667073445675, 0.006552134745941646, 0.006495194599365968, 0.004808200379548329, 0.0056902851459617945, 0.012509801530810771]
E_ttvs=[0.0069987350287946, 0.005087736712784893, 0.006883972712717214, 0.00471395710032839, 0.005374543590081566, 0.005277289016301482, 0.005030816045955231, 0.006952510360724293, 0.005377302584286878, 0.007342240901267234, 0.01408109821232361]
mean=1.00000784730816
t0=8.723123714611509e-05
u=[ 0.74449828 -0.00555384]
r=0.04592297820521343
b=0.8094850295868792
e_mean=1.1074504300268018e-05
E_mean=1.0602573634832524e-05
e_t0=0.001515547606392954
E_t0=0.0015085494970025826
e_u=[0.51470291 0.48733311]
E_u=[0.55979053 0.50349449]
e_r=0.0023199632497174147
E_r=0.00276606515357828
e_b=0.022975456882690426
E_b=0.02092368137540812
