Data/EPIC 212072539/EPIC 212072539-c18_pars.txt : Parameter values
p_ref=7.679500664732947
t0_ref=3424.7764504013726
ttvs=[0.002823453626347541, 0.013154582578150921, 0.007272524662801153, -0.0015411340672135166, 0.018310577161116455, -0.0050218191338883954]
e_ttvs=[0.008602840024519099, 0.004721811462381691, 0.0074076389570710745, 0.008379791860056482, 0.02244307058230958, 0.008549087704303885]
E_ttvs=[0.007647356521235006, 0.004807059915702818, 0.006483790185262413, 0.008204478504315197, 0.007007542462407767, 0.009890074928470691]
mean=1.0000076772098994
t0=0.0009338899286247213
u=[ 0.78430659 -0.09189095]
r=0.03896244457006988
b=0.7755758153561771
e_mean=1.3535914065276877e-05
E_mean=1.3525564141581015e-05
e_t0=0.0031277119063809304
E_t0=0.0036443743035599664
e_u=[0.5386802  0.44345663]
E_u=[0.58255529 0.50124841]
e_r=0.002890806913446564
E_r=0.003454000915201677
e_b=0.04786536719073875
E_b=0.044602613805077906
