Data/EPIC 212072539/EPIC 212072539-c05_pars.txt : Parameter values
p_ref=7.675815020404081
t0_ref=2311.625931431671
ttvs=[0.0029517627797161104, 0.003246264384522338, 0.002880171054783649, -0.00031129584760663457, 0.004359759565622889, 0.008098123440930319, -0.001437856271522991, 0.004026942840544951, 0.011588744560096516, 0.009133133595777589]
e_ttvs=[0.006933206864160734, 0.006476012135774994, 0.008498014846690483, 0.006001987547022116, 0.00492186037105604, 0.005921575454484528, 0.005419759214677701, 0.007874569350593896, 0.005531719261736834, 0.009693038097007958]
E_ttvs=[0.005545351725015925, 0.00870794732720564, 0.009755348893817212, 0.005873493170658711, 0.005872662544502556, 0.010339429391881327, 0.005760178731437803, 0.008040661732256933, 0.0059982954529404706, 0.007829750879437547]
mean=0.999999215766207
t0=9.126283772107837e-05
u=[0.52444061 0.02510248]
r=0.04399576122956925
b=0.8286729778529476
e_mean=1.0796987904626576e-05
E_mean=1.0634250179775151e-05
e_t0=0.0015063492778239337
E_t0=0.0015750713303444698
e_u=[0.37739819 0.39978962]
E_u=[0.54946737 0.4154927 ]
e_r=0.002093248364608377
E_r=0.002619735383663696
e_b=0.026785630700416507
E_b=0.01691639738474282
