Data/EPIC 211359660/EPIC 211359660-c18_pars.txt : Parameter values
p_ref=4.738693379415883
t0_ref=3421.386387113813
ttvs=[0.006692591178349689, 0.0027938173777005766, 0.004904590148493261, -4.3837290254020214e-05, -0.0007747108145714238, -0.0022128272007119324, -0.004103054305767657, -0.0007743486908682331, -0.009701012685488123, -0.007227234211000676, 0.004993991759662697]
e_ttvs=[0.0014760817426498181, 0.0017509386495016446, 0.0018471919159064858, 0.0016175691072245005, 0.0004561130437782902, 0.002594630823392441, 0.00047849974968278315, 0.0004302758392785199, 0.001619080453684042, 0.001989719545369759, 0.0003471660798361684]
E_ttvs=[0.0005742008361398097, 0.0017569386187377494, 0.0015913278941837427, 0.0018656690065758292, 0.000724133157514447, 0.001921273278040599, 0.00041018554600945724, 0.0004158465026458264, 0.0017328556926255421, 0.002074587379232654, 0.00035546056208801864]
mean=1.0000005688175615
t0=-0.0015043498086411275
u=[ 1.09404357 -0.48915724]
r=0.03283314186949792
b=0.6325131631520761
e_mean=1.1778009532115163e-06
E_mean=1.2353394396313888e-06
e_t0=0.00016270941728904124
E_t0=0.00016658162514391305
e_u=[0.10083875 0.07311852]
E_u=[0.07586414 0.13505904]
e_r=0.00021624296389242958
E_r=0.0001984554537037761
e_b=0.0049992191937136
E_b=0.004345026071389979
