Data/EPIC 211359660/EPIC 211359660-c05_pars.txt : Parameter values
p_ref=4.736987756811363
t0_ref=2308.206666932966
ttvs=[-0.0030439578595468555, -0.00530671442579426, -0.004060033526855441, -0.0016529637372740217, -0.0003174427789078445, 0.0023452521372448075, -0.008575265286520743, -0.007824090188637747, 0.003955639086448368, -0.002474461728846227, -0.0013987141797972735, 0.0012303021351472365, -0.005452030489752022, -0.002917377897817196, -0.002346563118277787, -0.004516548122988472]
e_ttvs=[0.0014154967768929818, 0.0006721507038722815, 0.0003932436085301626, 0.0003903477493980112, 0.000382480410261202, 0.0004112910276044186, 0.0010538453587026642, 0.0005289426271338649, 0.00177164634999652, 0.00042920633716798376, 0.0004960831297313466, 0.00041700861873616546, 0.00169976215271332, 0.001397290914534062, 0.0016594157594926988, 0.00045058831666712224]
E_ttvs=[0.0013285927578790106, 0.0008511715273560455, 0.0005293481622526295, 0.00041922266379201237, 0.0004184934494438293, 0.0004224363855419044, 0.001671142618430362, 0.0009583005553984048, 0.0017394964160083407, 0.0004601883773843354, 0.00047776773778319807, 0.000362078776714893, 0.0017781617563910647, 0.0015467955867708924, 0.0016315758715229785, 0.0004263135356325602]
mean=1.0000007013389078
t0=-5.100731652936037e-05
u=[0.38607789 0.59331712]
r=0.03117208315856588
b=0.5492517904784127
e_mean=1.0076747987142198e-06
E_mean=1.016701485889726e-06
e_t0=0.00014315862048157294
E_t0=0.00015284724821518927
e_u=[0.1097817  0.10872898]
E_u=[0.10163486 0.11340139]
e_r=0.00013065933548885023
E_r=0.00013654435823908656
e_b=0.005094726659789828
E_b=0.005220300852986637
