Data/EPIC 211327855/EPIC 211327855-c18_pars.txt : Parameter values
p_ref=1.7694574260852172
t0_ref=3418.921197618074
ttvs=[-0.335270861613992, -0.3349403100490713, -0.37797928323861507, -0.3115127152025291, -0.36397051302708905, -0.3739456899544306, -0.3608343123153167, -0.37564304253929137, -0.35711127474298954, -0.3803673711891151, -0.3613551493968261, -0.3832189716484823, -0.3701918312840645, -0.3329642736575035, -0.363255540660852, -0.3650531349776527, -0.3302102968952334, -0.35766919878776127, -0.37986292601555305, -0.3739628160680716, -0.36381889154036373, -0.3580669924310328, -0.36673643379948007, -0.347073496741109, -0.3540541952613766, -0.37609491217546726, -0.3489528571012411, -0.35582823446783224, -0.3573944699326048]
e_ttvs=[0.05164318297487086, 0.04321190430162358, 0.03480512371357569, 0.005388426392758272, 0.008032378624016845, 0.014568580994600455, 0.008837772193600046, 0.011600732664932223, 0.02358687053071118, 0.006905180427933477, 0.04142040734196112, 0.008890205367109827, 0.015644716014710514, 0.008388707256566819, 0.0049133380905336255, 0.018241094537367664, 0.009718424748556054, 0.009555876208130754, 0.017276490604804573, 0.023614006198343085, 0.023194675989359925, 0.031858029674960486, 0.006300206424181165, 0.031026931495845178, 0.039488473130213975, 0.0033341225130037455, 0.006562965547717348, 0.007386380190130548, 0.005235214510869057]
E_ttvs=[0.025020852238829216, 0.010155982636583627, 0.030019042486148284, 0.004088200140847653, 0.006736841491991996, 0.04507021164878161, 0.02101832654547464, 0.005725305944378978, 0.020302872589988474, 0.043256971696033264, 0.03238491465429377, 0.008490932622347847, 0.05230340711469961, 0.008516663710659067, 0.004349341991783828, 0.029956366130952206, 0.010996355351039044, 0.025396270548049493, 0.01553410397260302, 0.04097313506163358, 0.01449972246980158, 0.02234080056965293, 0.017156187976776427, 0.006095462719921618, 0.010773066391226382, 0.0029630996149363487, 0.007317476097099596, 0.017816418626575847, 0.014288007897485022]
mean=1.0000054482816556
t0=-0.00010252088540001519
u=[0.39561679 0.02202997]
r=0.06973285583286312
b=1.047762831203058
e_mean=3.34716015348846e-06
E_mean=3.316902817296352e-06
e_t0=0.0008537100045700443
E_t0=0.0008468770733130303
e_u=[0.28797269 0.30219906]
E_u=[0.46751617 0.34168578]
e_r=0.025149154447157075
E_r=0.020812812795267532
e_b=0.02728745004597921
E_b=0.02214676925938619
