Data/EPIC 211327855/EPIC 211327855-c05_pars.txt : Parameter values
p_ref=1.724418321864373
t0_ref=2306.690654720367
ttvs=[0.017552099554944398, 0.0008099260672216892, 0.004593443629870787, 0.0008129125891094506, 0.003913283713904128, 0.0004210234307461774, -0.015991197046887482, -0.002636656533609004, 0.006447413959096421, 0.012103388247584099, -0.016094038934953248, -0.004659746085381429, -0.003960743043176623, 0.0014346825771558822, -0.0036309147661312026, 0.007673380685553521, -0.005692283730895562, -0.0076906942790357586, 0.01060723462311678, 0.013887179493509967, 0.00935755535019179, 0.0016265119004023095, -0.007021355999139324, 0.00596822106984669, -0.00349064679304977, -0.009969813902220945, 0.00161164373884891, 0.003295918294719216, -0.0032326304343800304, 0.0038006697915189272, -0.011853170023470562, 0.0007063342422967463, 0.054801033010558026, 0.006182758064490433, 0.005113107702438719, -0.015319784223439837, 0.0009823741443629732, -0.005841404979410249, -0.005751579122534782, -0.008758344864809624, -0.002763764809068342, -0.0018550756971971397, -0.006559907454745393, -0.004291121265718603]
e_ttvs=[0.013828297996470737, 0.01067337124275981, 0.014571289256186927, 0.015133760179126262, 0.013892598275869653, 0.013754237242862708, 0.03749762576322893, 0.008838552981061513, 0.016681160869606117, 0.012456952171974034, 0.012725900924105436, 0.0169311773963882, 0.006975313636198353, 0.02221753240200788, 0.012569864277732625, 0.02308347601936196, 0.012546835051357442, 0.03231985796521303, 0.014315589131670274, 0.02183801452903196, 0.00849465560574859, 0.052220596652375585, 0.010192281773091401, 0.017038388622454954, 0.01729560686697148, 0.013261368804422899, 0.026975284215674494, 0.0232446495439218, 0.011402397694339646, 0.012996650002555055, 0.015513109875870616, 0.020416595161492156, 0.06287330312042809, 0.020097204634538204, 0.021955453719299134, 0.00972798681145892, 0.010480223586000589, 0.008645689705972882, 0.016541575005156385, 0.01002641100196005, 0.02319096549514097, 0.015320097765694178, 0.012329551907155676, 0.015287525454228124]
E_ttvs=[0.00849284499450963, 0.012764963768407557, 0.016435831951382904, 0.017077634074384274, 0.013436326550323598, 0.01201894652399572, 0.03022362964692027, 0.009708254270737305, 0.015431053017516403, 0.014346392262614954, 0.01798539777182545, 0.01512153451339541, 0.007557435817880923, 0.01971315357411894, 0.012069733377190032, 0.01590626050173183, 0.01358042461877782, 0.0236135128162472, 0.014441036110772854, 0.014633062604434125, 0.008088815546902472, 0.0209903686092973, 0.006073958980414627, 0.013522503577694453, 0.011977858903533452, 0.01222366588038418, 0.04408680973056657, 0.034038734896625414, 0.011283464870358228, 0.01448895908799162, 0.016542108982203024, 0.015981357370166066, 0.022689572183762857, 0.01709642403177933, 0.027178159412384433, 0.023052306934964878, 0.008237657937986212, 0.005271245271820147, 0.036143353890178136, 0.010875985221925514, 0.011148530602823316, 0.017163905076169814, 0.006193981978938738, 0.016411038124480224]
mean=1.0000052610202503
t0=0.03777972578038867
u=[ 0.79659118 -0.09291533]
r=0.015102343230355645
b=0.8332033715668129
e_mean=3.1694840505469557e-06
E_mean=3.0951298577441833e-06
e_t0=0.0016685594221490657
E_t0=0.0017832796892181119
e_u=[0.55212214 0.47795265]
E_u=[0.61540853 0.51136545]
e_r=0.001190431069708106
E_r=0.001570680770417339
e_b=0.03517759155498856
E_b=0.026787384993655183
