Data/EPIC 211432922/EPIC 211432922-c18_pars.txt : Parameter values
p_ref=5.817096858771754
t0_ref=3420.11654239276
ttvs=[-0.012421503312483446, -0.0140598268467234, -0.006256254855783637, 0.03261394439703528, 0.0019835646377613335, -0.002341770699164203, -0.0038413311482385047, 0.010430083089910707, 0.016744397537518867]
e_ttvs=[0.008398627451427877, 0.01741942295049558, 0.008980929089589047, 0.0040951052524071385, 0.022156363844912638, 0.00404974488995427, 0.007725758051001827, 0.0099762789918497, 0.004299401507722175]
E_ttvs=[0.01642234566277839, 0.01042881193520261, 0.006940320813637983, 0.003005634279043469, 0.021537085182385753, 0.006244612084882006, 0.006916974044236609, 0.005685214601966384, 0.0046415747734968905]
mean=1.0001241917038834
t0=0.002970332895779988
u=[0.42621194 0.06481379]
r=0.06198261055112202
b=0.5388169162277465
e_mean=3.486633172022913e-05
E_mean=3.4285873682149415e-05
e_t0=0.004148864263219243
E_t0=0.007687865297420687
e_u=[0.31009817 0.34257924]
E_u=[0.52569303 0.40740656]
e_r=0.005624589374036051
E_r=0.005011214212925566
e_b=0.26642544834913306
E_b=0.14663891499646753
