Data/EPIC 211432922/EPIC 211432922-c16_pars.txt : Parameter values
p_ref=5.818493604520905
t0_ref=3263.0274278513702
ttvs=[-0.01707086508224274, 0.011275546678225872, 0.0011044103326478618, 0.0224061638083843, -0.001339734489208254, 0.03768453097858649, -0.00036008056455075275, -0.011878945994913763, 0.018816443969913627, 0.02229771098441593, 0.015292374097141005, -0.01057738033664312, -0.009437733220424033, -0.03435888426583038]
e_ttvs=[0.0015222795688677633, 0.003831530398019295, 0.005517450455619068, 0.008760503664479197, 0.004890310937538147, 0.027251573701886293, 0.0061723773823300415, 0.004754101203499133, 0.003919242077241194, 0.003140147606208142, 0.005031128962527763, 0.00522223879309458, 0.015819334010450437, 0.003636249876698916]
E_ttvs=[0.0024319116292347183, 0.003926949566349355, 0.006575554344190382, 0.005529960051840217, 0.009836633430218965, 0.0054622247042718855, 0.005747352829928202, 0.003188738148236373, 0.005798168521846277, 0.0025955863409768166, 0.005114744226702168, 0.0028752167557325216, 0.010187118987798699, 0.01898555792013805]
mean=0.9999719966478127
t0=0.00025481835525169115
u=[ 0.94106854 -0.29914419]
r=0.08103438052404849
b=0.5390347916771608
e_mean=3.747055310099334e-05
E_mean=3.5781036164639346e-05
e_t0=0.0009311756031462875
E_t0=0.0010290371197176323
e_u=[0.36644905 0.2346679 ]
E_u=[0.29859009 0.36897833]
e_r=0.00231608749317104
E_r=0.0020881844111492326
e_b=0.033678911400992106
E_b=0.026218828042290587
