Data/EPIC 211432922/EPIC 211432922-c05_pars.txt : Parameter values
p_ref=5.8203559321864375
t0_ref=2308.926033930705
ttvs=[0.003960357972852872, -0.000526764633375497, -0.02135473507328482, -0.004265647188076489, 0.005401466724760181, -0.004114328314344349, 0.009644454491079608, -0.02223253952995065, -0.027000799842733802, -0.014620781306172614, -0.0002787387308554448, 0.0007128210262004954, -0.03843310261320579]
e_ttvs=[0.003264529100076179, 0.006937481072917998, 0.014406916991683238, 0.006396810519476548, 0.002287786161846222, 0.004476053235474921, 0.004146079924845237, 0.00918425951022303, 0.017191270734460255, 0.0048219463997183735, 0.004121254379996511, 0.005326391271191733, 0.005508042068842096]
E_ttvs=[0.003391459999890047, 0.007000841938535894, 0.01168094985839497, 0.005438945890423032, 0.002201319995406066, 0.0038264039477136393, 0.002295670916254818, 0.00789302401347778, 0.04301534426863728, 0.003886681081114597, 0.002711935510975635, 0.0038571119572523155, 0.00555812320292854]
mean=1.0002775209489823
t0=-0.00011794440127702011
u=[0.24469718 0.03073571]
r=0.06624300940957291
b=0.5586360801248522
e_mean=3.0942842588421726e-05
E_mean=2.9790602832591162e-05
e_t0=0.0009192208676110578
E_t0=0.0008639344526840991
e_u=[0.17133815 0.18436673]
E_u=[0.26796512 0.25514997]
e_r=0.0018103830593272502
E_r=0.0017546004213975508
e_b=0.02330621962374213
E_b=0.02082276056158394
