Data/EPIC 211924657/EPIC 211924657-c18_pars.txt : Parameter values
        p_ref=2.67002144924985
        t0_ref=3419.3712759106375
        ttvs=[0.004896709132009508, 0.0026674210873918703, -0.0005498596892068457, -0.004514223800086284, -0.006494915198180755, -0.005658783356262693, -0.006200277020023516, -0.005471873722122555, -0.02777053735748142, -0.00023634375236669685, 0.003060401417504143, -0.0010495254815722189, 0.0026198952081291057, 0.002509102046891534, -0.00013691582764699303, 0.001747614921691659, 0.005170222818145933, 0.006528768192141013, 0.0026211495623447234]
e_ttvs=[0.0016451601770692747, 0.0019123154318498297, 0.0014795058769387986, 0.0018302521688996374, 0.0016538520186812587, 0.0018775726909671256, 0.0019201470046550373, 0.0019502120684455702, 0.0012412981821746764, 0.002012503525066895, 0.0016367130573153393, 0.002074152392414007, 0.001974956567604985, 0.0020034488369109122, 0.002077228152858562, 0.0015844087537608537, 0.0016427842644428387, 0.0019081124301486918, 0.0015837618337789369]
E_ttvs=[0.0018236240502887413, 0.0017141984723910786, 0.0015737466832053929, 0.0016954795410633527, 0.0021489415400520896, 0.0018123775443846472, 0.0018028745135299073, 0.002246469581462019, 0.0011846056194231673, 0.0019070286748774652, 0.0016719780197216828, 0.001997788582126108, 0.0021977329230555495, 0.0017339636222386485, 0.0028578739638619463, 0.001575840305211738, 0.0019530459687064003, 0.0017792784439370239, 0.002268495244172767]
mean=1.0000036319884753
t0=-5.450103644710671e-05
u=[ 0.91842053 -0.11037944]
r=0.06815132171296558
b=0.8458752649162099
e_mean=9.970492340749537e-06
E_mean=9.822201827880406e-06
e_t0=0.0004010927053600745
E_t0=0.0004281629999842151
e_u=[0.54294002 0.42868291]
E_u=[0.43757877 0.56444331]
e_r=0.003179636684481124
E_r=0.0037504557394337085
e_b=0.011972402466839172
E_b=0.011228763105541328
