Data/EPIC 211924657/EPIC 211924657-c16_pars.txt : Parameter values
        p_ref=2.6556377801960394
        t0_ref=3262.9278187289683
        ttvs=[-0.08878843846933565, -0.07948251568823228, -0.06217907286943574, -0.05009853931995843, -0.039666404254483124, -0.0239883764718663, -0.01351816182618921, -0.00398308676664658, 0.004650164585169308, 0.014963982165257414, 0.019925075475698155, 0.025806057618817303, 0.030290334870465306, 0.03499373299067211, 0.03459859115450617, 0.03740477486461764, 0.033481724406924, 0.03173613737737043, 0.025438444271655203, 0.021369955648683946, 0.01332145077662887, 0.009289243672465223, 0.002759746743092529, -0.0045670560905487975, -0.01990822372840477, -0.027879906363089353, -0.03876591553251041, -0.050652041092108586, 0.06877008083511535, 0.008378715791844762]
e_ttvs=[0.0036729205651160057, 0.0015549187642238949, 0.0015370907247772084, 0.0025884313703123246, 0.001589679460716767, 0.003098097222238385, 0.0013757657174815006, 0.0028832288504882266, 0.001396733335575052, 0.0018329030979268527, 0.0025866068324360766, 0.0020274137768374126, 0.0015351981836122866, 0.0017321490903244377, 0.0014914631814347892, 0.0014711471168325496, 0.0017066631684370254, 0.0018546641483345276, 0.0023924034269898822, 0.001796256335014547, 0.0019509437946633092, 0.002141478438059506, 0.001861453173405092, 0.002243921374524621, 0.0014230223607763527, 0.0023266402074801212, 0.0016347568369595583, 0.0015118555177809495, 0.0014971188961884485, 0.001412172737593938]
E_ttvs=[0.0026886778322306876, 0.0014861877367787768, 0.0014052922496882725, 0.002971290252412724, 0.001392681604304405, 0.002599086503819969, 0.0016612526874856468, 0.002998307388624398, 0.0013520910528852731, 0.0018990482193609517, 0.0024353964082172337, 0.001701971249536735, 0.0014631260078586117, 0.001851027171944311, 0.0014364233263800402, 0.0015656734896655825, 0.0014247445881291967, 0.0017368135793850645, 0.0030399073712030628, 0.001998652690293621, 0.0017109156493009692, 0.0024351050338973813, 0.001998432194286505, 0.0018943748218740548, 0.0012847791826339876, 0.0023747083757269666, 0.001397242200455305, 0.0018081030366469755, 0.0014999775442392504, 0.0014277826487821138]
mean=0.999992642244141
t0=-0.0001096286957604918
u=[0.82361909 0.0066336 ]
r=0.06651800568608407
b=0.8335225920498838
e_mean=7.765153632321997e-06
E_mean=7.913891617361557e-06
e_t0=0.00029602223882558166
E_t0=0.0002884466761449207
e_u=[0.51546567 0.47515827]
E_u=[0.41956002 0.54822639]
e_r=0.002664900260536812
E_r=0.0029703326139959157
e_b=0.009718918795644682
E_b=0.00967234874603451
