Data/EPIC 211924657/EPIC 211924657-c05_pars.txt : Parameter values
        p_ref=2.645378839767954
        t0_ref=2308.9907322105964
        ttvs=[0.013167046542274723, 0.008013084919079969, 0.015496883283366363, 0.011179645997478671, 0.010697782348450823, 0.00919393550218412, 0.006087498030706679, 0.004944176829771217, 0.00241250116310551, -0.002719848457808715, -0.0049989663273378015, -0.004122349200166138, -0.010193598159183708, -0.008733600722125975, -0.013122986517169973, -0.011259030371269567, -0.013982386864919837, -0.014412358998892537, -0.015472012474558799, -0.017359863877138497, -0.01515839809124107, -0.01178533483396637, -0.00424140324418847, -0.0020451097694338745, 0.0033538170181034877, 0.008416322290707965, 0.016294220221198065, 0.02794301631603526]
e_ttvs=[0.002090382239572976, 0.002290393331809285, 0.0018653223090181383, 0.004815119131200588, 0.002011038840658591, 0.002119746456545994, 0.0018631669719938477, 0.002151791016585786, 0.0016714564581996562, 0.002120193625143551, 0.0019427703731236378, 0.00182221219936002, 0.0021951352277418713, 0.0021822684909386693, 0.0019655592114789476, 0.0022366230993323202, 0.0021712893262738273, 0.0019495512331469383, 0.0018932713547533501, 0.0019517231376698606, 0.001940358948269473, 0.002225759917680259, 0.0021809031549782443, 0.0020799225905815083, 0.002055319768289981, 0.0021051943093277972, 0.0024245509497270775, 0.0016297072424133544]
E_ttvs=[0.002143766138118586, 0.0023882869016381945, 0.002032916327757891, 0.0032628228713723895, 0.0022254921490154605, 0.0020396147062453195, 0.0019556008665026214, 0.0022285415215928276, 0.0019134031705767447, 0.002147679332924475, 0.0019498410347045313, 0.0020303127256708136, 0.0019737819146789445, 0.0020869251329799637, 0.0019920631211523387, 0.002386616648980471, 0.002065281993487088, 0.0019022541433006725, 0.001801466186996628, 0.0020014243219981746, 0.0020607809437478176, 0.0021400007318938766, 0.0022029651079517633, 0.0023578807545885246, 0.0018598713651701484, 0.0019233312417212493, 0.0023590181355594673, 0.0017906727876640244]
mean=1.0000075280776266
t0=2.9902395810264646e-05
u=[ 1.15200604 -0.30645015]
r=0.07199763758004987
b=0.8563385106305448
e_mean=9.032075675707851e-06
E_mean=8.24112593789117e-06
e_t0=0.0003733641518570667
E_t0=0.00038510568361246113
e_u=[0.5045239  0.34142075]
E_u=[0.33872776 0.53793264]
e_r=0.0037561900449933072
E_r=0.003532294980113135
e_b=0.014080467378579709
E_b=0.013162033039609722
