Data/EPIC 211718187/EPIC 211718187-c18_pars.txt : Parameter values
        p_ref=5.518426624724945
        t0_ref=3423.0465650993356
        ttvs=[0.010377948524981997, 0.004121110177533185, -0.014075922042527422, 0.0014294577287882622, -0.008085221690166344, 0.0028186679295276592, -0.007384290894478098, 0.006997870775275342, -0.008920248944391643]
e_ttvs=[0.011068332182752738, 0.008691068715393546, 0.0180514274437567, 0.005196911450282888, 0.008912753205471007, 0.010884063488203085, 0.009528165633358593, 0.015482039256405017, 0.011347164169169439]
E_ttvs=[0.009879335287127745, 0.007905594295246272, 0.025765752201109368, 0.006143670722071004, 0.012051244133697186, 0.010321499062314506, 0.008507606612446945, 0.010693480849925692, 0.01051447202933679]
mean=1.0000048443826586
t0=-0.0012681413670394368
u=[ 0.6431781  -0.01322301]
r=0.05504689691604008
b=0.9533514245352583
e_mean=2.3520948680411102e-05
E_mean=2.3239560671406423e-05
e_t0=0.003831030454668736
E_t0=0.003821151742862721
e_u=[0.44895688 0.43968417]
E_u=[0.60949489 0.43030501]
e_r=0.012721187346302384
E_r=0.026564856128640547
e_b=0.0398007983531069
E_b=0.04227475507839962
