Data/EPIC 211718187/EPIC 211718187-c05_pars.txt : Parameter values
        p_ref=5.515336861972395
        t0_ref=2308.716056566966
        ttvs=[0.0007675413919142511, -0.00034121331581118974, -0.0022123979828149653, -0.009296575760479105, -0.012940344063140086, 0.0004588437086119737, 0.012978943726286978, 0.005795884342625204, 0.0006465262053712278, 0.0046291401634819904, -0.008475294077377165, 0.001952441878360427, 0.012340212045205428, 0.010438628111938273]
e_ttvs=[0.010402470191487132, 0.011763892844424384, 0.01809374207817399, 0.01047679934868996, 0.00934266663018225, 0.010476820236827762, 0.011972332432685218, 0.01275789810646345, 0.019374385902257093, 0.015267666249245115, 0.012848865145175057, 0.012498813483325738, 0.008150200395745377, 0.01415392069948903]
E_ttvs=[0.008556086336985926, 0.01149526100001291, 0.013190223491904265, 0.01401469142729292, 0.0075407861196199405, 0.008879366224316327, 0.014757215057609234, 0.014688823345659796, 0.018497643971957564, 0.013232222965258415, 0.013279411133818792, 0.015637370246601175, 0.008949228355167599, 0.014283908488788737]
mean=1.000015245519546
t0=0.00014563030700581657
u=[ 0.6705374  -0.03278904]
r=0.0416816022110761
b=0.8811951569502172
e_mean=1.9564050730669358e-05
E_mean=1.90265590054306e-05
e_t0=0.0030674941307439127
E_t0=0.003216023104483211
e_u=[0.48132305 0.46970221]
E_u=[0.64397249 0.4820514 ]
e_r=0.0046322466120576125
E_r=0.006119033573110541
e_b=0.040373871130096606
E_b=0.029614300229716006
