Data/EPIC 211718187/EPIC 211718187-c16_pars.txt : Parameter values
        p_ref=5.516219651330267
        t0_ref=3263.0724212550454
        ttvs=[0.0025912291756537364, 0.010007047800869124, 0.006064151224491768, 0.005759787029805529, 0.007399376353283493, 0.004044249483075142, -0.0007470629347422746, 0.007241002947639673, -0.0009137350300040002, 0.010206492476248195, -0.007243818459187142, 0.001658479924142757, 0.003246253514739764, -0.0008097860334835469, -0.008030275871847434]
e_ttvs=[0.01849351864589125, 0.02678218996134208, 0.015159273880745616, 0.020286148776852576, 0.015025220454419452, 0.016482329845202242, 0.018144897542879207, 0.018503412027649532, 0.014157676527675009, 0.012076735577620873, 0.013687261202643745, 0.008379571525223414, 0.01857334277062609, 0.015754419622463402, 0.013926556932327687]
E_ttvs=[0.01720709366200477, 0.019504086396925684, 0.012613158450497305, 0.009559505889606228, 0.01179601528502152, 0.020034075596698148, 0.016755442751665586, 0.01608301473984875, 0.011784610973338923, 0.011964683779287635, 0.018845496841777568, 0.006993696382756186, 0.01401699165945053, 0.015165613208699722, 0.01275854056967454]
mean=1.000033535107086
t0=-0.0003777197087926091
u=[ 0.67155787 -0.03509599]
r=0.03831989843318104
b=0.855286629486268
e_mean=1.9012682846986095e-05
E_mean=1.9426386121290662e-05
e_t0=0.003802320564860532
E_t0=0.0036538716098975794
e_u=[0.47648544 0.46563856]
E_u=[0.64050693 0.46002953]
e_r=0.004442459105456709
E_r=0.005595949135271096
e_b=0.044272846011085276
E_b=0.039521679188414094
