Data/EPIC 211490999/EPIC 211490999-c05_pars.txt : Parameter values
p_ref=9.846296141828365
t0_ref=2313.3158613077376
ttvs=[0.009916133674643828, 0.010291329722466692, 0.010478224348324756, 0.00732829330985914, 0.004909179772828117, 0.00704168112269281, -0.0005470921628337399]
e_ttvs=[0.0018443344787203303, 0.0012389206300596634, 0.0019248715275017904, 0.005301798392371533, 0.004565629859563578, 0.004500877397887381, 0.0017933121702218687]
E_ttvs=[0.0037286257786502807, 0.004131090975158951, 0.0016818118329273574, 0.003032493309775737, 0.004688760080375991, 0.004722395825258404, 0.003463348537292833]
mean=1.000003328292758
t0=-8.001150238989233e-05
u=[0.38911374 0.3566631 ]
r=0.02823722757712782
b=0.44241074214291365
e_mean=2.7308310188711715e-06
E_mean=2.6854489911798396e-06
e_t0=0.0005724947883840565
E_t0=0.0006824143005741494
e_u=[0.252781  0.3938217]
E_u=[0.30078444 0.32905129]
e_r=0.0006170194648215804
E_r=0.000594947735110294
e_b=0.03103021553980656
E_b=0.024607227081046235
