Data/EPIC 211490999/EPIC 211490999-c18_pars.txt : Parameter values
p_ref=9.851416113422685
t0_ref=3425.6763868036824
ttvs=[0.015938863874949426, 0.00830468172927299, 0.004417502899416521, -0.014713367662055865, -0.0036584260659790436]
e_ttvs=[0.0030117384540690826, 0.0019995561233738662, 0.0023855948832387924, 0.0021725961325931627, 0.0022729590557742842]
E_ttvs=[0.00429361989260222, 0.0018305497325681042, 0.002234570362685307, 0.0022354394930685795, 0.0024488090891246197]
mean=1.0000038771724808
t0=-0.00019761750663716216
u=[ 1.27092184 -0.4488338 ]
r=0.02784950256679343
b=0.38672167756877196
e_mean=3.1899316905725783e-06
E_mean=3.299684626645316e-06
e_t0=0.000916484095841123
E_t0=0.0014884526650439278
e_u=[0.2926445  0.22103143]
E_u=[0.24417637 0.33280458]
e_r=0.00134112615686887
E_r=0.0008790664977526078
e_b=0.09843719152009534
E_b=0.04187332654113507
