Data/EPIC 211490999/EPIC 211490999-c16_pars.txt : Parameter values
p_ref=9.836450042608522
t0_ref=3268.207614802037
ttvs=[-0.01875167648056891, -0.008328068589144212, 0.0367781370225858, 0.0036798605916228545, 0.022570142916792817, -0.011472130560294733, 0.025169186909778256, 0.025279825371787308]
e_ttvs=[0.00270851112835252, 0.004267226368004617, 0.022949241600734274, 0.0031915094077981836, 0.003073089034513088, 0.0015570390495620832, 0.003773564797299171, 0.003502159089810615]
E_ttvs=[0.002396440453440122, 0.004183479505632987, 0.008106630106465791, 0.0030544990184337138, 0.0042353982824055655, 0.000965041369629405, 0.0030034386580269495, 0.003754771471983373]
mean=1.0000082811348057
t0=0.001161267839239107
u=[0.56882441 0.01338686]
r=0.02655903474779207
b=0.268956342465928
e_mean=3.0064562215326163e-06
E_mean=3.1553708967901883e-06
e_t0=0.0012557746820291839
E_t0=0.0017776689577259192
e_u=[0.28295877 0.29398631]
E_u=[0.25950208 0.41084085]
e_r=0.0006769166832012036
E_r=0.0006802230094551595
e_b=0.08000996196401597
E_b=0.07381724928359024
